8380415
8380416
1
2
8380415
8380416
2
2
8380416
1
1
0
8380415
2
0
2
8380415
0
2
2
8380416
2
8380416
2
0
8380415
8380415
0
0
8380415
2
8380415
2
8380415
1
1
8380415
0
8380415
8380416
0
1
0
2
8380415
8380415
2
8380416
8380415
1
8380415
0
0
0
2
0
8380416
1
0
8380415
8380416
0
8380415
2
8380416
8380415
1
2
2
2
1
8380416
0
2
2
0
2
8380416
8380416
8380415
2
2
8380416
2
8380415
8380416
8380415
8380416
8380416
8380415
8380415
1
8380415
2
8380416
0
8380415
1
2
2
2
8380416
1
2
8380416
8380415
8380415
1
0
2
8380415
2
8380416
8380416
8380415
0
0
1
8380416
0
2
8380415
8380416
2
2
8380416
8380415
0
8380416
1
8380416
8380415
1
2
1
0
2
2
8380415
8380415
2
2
8380415
2
2
1
2
0
1
8380416
0
1
2
0
8380415
8380416
8380415
2
0
1
0
0
2
2
1
8380416
0
1
8380415
8380415
8380415
0
1
8380416
1
8380416
0
8380415
8380415
8380415
0
8380415
8380415
8380416
2
8380415
8380415
8380416
1
0
2
1
8380415
1
2
0
0
8380415
1
1
1
8380416
0
0
2
8380415
1
8380416
1
8380415
1
1
2
0
2
1
2
2
2
2
0
2
0
8380415
0
8380416
8380416
1
1
1
8380416
8380416
8380415
1
1
8380416
0
2
1
8380416
8380415
8380415
8380416
8380415
8380416
8380415
2
1
8380415
8380415
0
0
1
8380415
1
8380415
